0.000e+000 3.107e+000
1.000e+000 2.593e+000
2.000e+000 2.163e+000
3.000e+000 2.152e+000
4.000e+000 2.099e+000
5.000e+000 2.034e+000
6.000e+000 1.972e+000
7.000e+000 1.938e+000
8.000e+000 2.004e+000
9.000e+000 1.949e+000
1.000e+001 2.043e+000
1.100e+001 1.966e+000
1.200e+001 2.046e+000
1.300e+001 2.016e+000
1.400e+001 1.976e+000
1.500e+001 1.894e+000
1.600e+001 2.029e+000
1.700e+001 1.893e+000
1.800e+001 2.005e+000
1.900e+001 1.868e+000
2.000e+001 1.887e+000
2.100e+001 1.826e+000
2.200e+001 1.918e+000
2.300e+001 1.827e+000
2.400e+001 1.795e+000
2.500e+001 1.907e+000
2.600e+001 1.833e+000
2.700e+001 1.880e+000
2.800e+001 1.823e+000
2.900e+001 1.858e+000
3.000e+001 1.745e+000
3.100e+001 1.891e+000
3.200e+001 1.864e+000
3.300e+001 1.847e+000
3.400e+001 1.851e+000
3.500e+001 1.770e+000
3.600e+001 1.802e+000
3.700e+001 1.788e+000
3.800e+001 1.773e+000
3.900e+001 1.723e+000
4.000e+001 1.712e+000
4.100e+001 1.739e+000
4.200e+001 1.695e+000
4.300e+001 1.783e+000
4.400e+001 1.806e+000
4.500e+001 1.643e+000
4.600e+001 1.719e+000
4.700e+001 1.639e+000
4.800e+001 1.749e+000
4.900e+001 1.772e+000
5.000e+001 1.617e+000
5.100e+001 1.751e+000
5.200e+001 1.597e+000
5.300e+001 1.697e+000
5.400e+001 1.707e+000
5.500e+001 1.661e+000
5.600e+001 1.710e+000
5.700e+001 1.706e+000
5.800e+001 1.658e+000
5.900e+001 1.576e+000
6.000e+001 1.583e+000
6.100e+001 1.571e+000
6.200e+001 1.544e+000
6.300e+001 1.549e+000
6.400e+001 1.621e+000
6.500e+001 1.665e+000
6.600e+001 1.571e+000
6.700e+001 1.574e+000
6.800e+001 1.655e+000
6.900e+001 1.644e+000
7.000e+001 1.598e+000
7.100e+001 1.639e+000
7.200e+001 1.601e+000
7.300e+001 1.532e+000
7.400e+001 1.575e+000
7.500e+001 1.508e+000
7.600e+001 1.511e+000
7.700e+001 1.563e+000
7.800e+001 1.535e+000
7.900e+001 1.514e+000
8.000e+001 1.537e+000
8.100e+001 1.553e+000
8.200e+001 1.524e+000
8.300e+001 1.515e+000
8.400e+001 1.515e+000
8.500e+001 1.500e+000
8.600e+001 1.435e+000
8.700e+001 1.521e+000
8.800e+001 1.556e+000
8.900e+001 1.461e+000
9.000e+001 1.543e+000
9.100e+001 1.451e+000
9.200e+001 1.523e+000
9.300e+001 1.458e+000
9.400e+001 1.448e+000
9.500e+001 1.417e+000
9.600e+001 1.400e+000
9.700e+001 1.422e+000
9.800e+001 1.475e+000
9.900e+001 1.479e+000
1.000e+002 1.463e+000
1.010e+002 1.366e+000
1.020e+002 1.475e+000
1.030e+002 1.482e+000
1.040e+002 1.458e+000
1.050e+002 1.356e+000
1.060e+002 1.397e+000
1.070e+002 1.438e+000
1.080e+002 1.437e+000
1.090e+002 1.366e+000
1.100e+002 1.369e+000
1.110e+002 1.419e+000
1.120e+002 1.390e+000
1.130e+002 1.406e+000
1.140e+002 1.351e+000
1.150e+002 1.340e+000
1.160e+002 1.422e+000
1.170e+002 1.411e+000
1.180e+002 1.429e+000
1.190e+002 1.318e+000
1.200e+002 1.325e+000
1.210e+002 1.311e+000
1.220e+002 1.359e+000
1.230e+002 1.317e+000
1.240e+002 1.405e+000
1.250e+002 1.299e+000
1.260e+002 1.289e+000
1.270e+002 1.352e+000
1.280e+002 1.377e+000
1.290e+002 1.315e+000
1.300e+002 1.295e+000
1.310e+002 1.313e+000
1.320e+002 1.294e+000
1.330e+002 1.329e+000
1.340e+002 1.376e+000
1.350e+002 1.338e+000
1.360e+002 1.269e+000
1.370e+002 1.303e+000
1.380e+002 1.258e+000
1.390e+002 1.312e+000
1.400e+002 1.300e+000
1.410e+002 1.368e+000
1.420e+002 1.342e+000
1.430e+002 1.299e+000
1.440e+002 1.348e+000
1.450e+002 1.252e+000
1.460e+002 1.280e+000
1.470e+002 1.344e+000
1.480e+002 1.340e+000
1.490e+002 1.313e+000
1.500e+002 1.299e+000
1.510e+002 1.263e+000
1.520e+002 1.333e+000
1.530e+002 1.232e+000
1.540e+002 1.303e+000
1.550e+002 1.291e+000
1.560e+002 1.311e+000
1.570e+002 1.256e+000
1.580e+002 1.296e+000
1.590e+002 1.304e+000
1.600e+002 1.241e+000
1.610e+002 1.266e+000
1.620e+002 1.315e+000
1.630e+002 1.262e+000
1.640e+002 1.233e+000
1.650e+002 1.266e+000
1.660e+002 1.233e+000
1.670e+002 1.278e+000
1.680e+002 1.235e+000
1.690e+002 1.243e+000
1.700e+002 1.265e+000
1.710e+002 1.296e+000
1.720e+002 1.218e+000
1.730e+002 1.276e+000
1.740e+002 1.262e+000
1.750e+002 1.286e+000
1.760e+002 1.176e+000
1.770e+002 1.212e+000
1.780e+002 1.246e+000
1.790e+002 1.200e+000
1.800e+002 1.192e+000
1.810e+002 1.246e+000
1.820e+002 1.235e+000
1.830e+002 1.229e+000
1.840e+002 1.235e+000
1.850e+002 1.163e+000
1.860e+002 1.196e+000
1.870e+002 1.206e+000
1.880e+002 1.180e+000
1.890e+002 1.233e+000
1.900e+002 1.248e+000
1.910e+002 1.180e+000
1.920e+002 1.230e+000
1.930e+002 1.161e+000
1.940e+002 1.239e+000
1.950e+002 1.158e+000
1.960e+002 1.208e+000
1.970e+002 1.181e+000
1.980e+002 1.230e+000
1.990e+002 1.194e+000
2.000e+002 1.191e+000
2.010e+002 1.233e+000
2.020e+002 1.173e+000
2.030e+002 1.182e+000
2.040e+002 1.239e+000
2.050e+002 1.134e+000
2.060e+002 1.237e+000
2.070e+002 1.147e+000
2.080e+002 1.200e+000
2.090e+002 1.190e+000
2.100e+002 1.198e+000
2.110e+002 1.162e+000
2.120e+002 1.190e+000
2.130e+002 1.210e+000
2.140e+002 1.120e+000
2.150e+002 1.126e+000
2.160e+002 1.224e+000
2.170e+002 1.187e+000
2.180e+002 1.139e+000
2.190e+002 1.157e+000
2.200e+002 1.124e+000
2.210e+002 1.139e+000
2.220e+002 1.137e+000
2.230e+002 1.144e+000
2.240e+002 1.123e+000
2.250e+002 1.144e+000
2.260e+002 1.118e+000
2.270e+002 1.201e+000
2.280e+002 1.113e+000
2.290e+002 1.204e+000
2.300e+002 1.144e+000
2.310e+002 1.104e+000
2.320e+002 1.136e+000
2.330e+002 1.178e+000
2.340e+002 1.183e+000
2.350e+002 1.155e+000
2.360e+002 1.170e+000
2.370e+002 1.191e+000
2.380e+002 1.099e+000
2.390e+002 1.125e+000
2.400e+002 1.096e+000
2.410e+002 1.111e+000
2.420e+002 1.167e+000
2.430e+002 1.167e+000
2.440e+002 1.183e+000
2.450e+002 1.150e+000
2.460e+002 1.093e+000
2.470e+002 1.185e+000
2.480e+002 1.170e+000
2.490e+002 1.114e+000
2.500e+002 1.141e+000
2.510e+002 1.188e+000
2.520e+002 1.158e+000
2.530e+002 1.170e+000
2.540e+002 1.126e+000
2.550e+002 1.129e+000
2.560e+002 1.138e+000
2.570e+002 1.106e+000
2.580e+002 1.156e+000
2.590e+002 1.129e+000
2.600e+002 1.144e+000
2.610e+002 1.107e+000
2.620e+002 1.088e+000
2.630e+002 1.123e+000
2.640e+002 1.110e+000
2.650e+002 1.155e+000
2.660e+002 1.153e+000
2.670e+002 1.141e+000
2.680e+002 1.083e+000
2.690e+002 1.070e+000
2.700e+002 1.127e+000
2.710e+002 1.099e+000
2.720e+002 1.166e+000
2.730e+002 1.170e+000
2.740e+002 1.095e+000
2.750e+002 1.149e+000
2.760e+002 1.159e+000
2.770e+002 1.126e+000
2.780e+002 1.156e+000
2.790e+002 1.162e+000
2.800e+002 1.119e+000
2.810e+002 1.137e+000
2.820e+002 1.121e+000
2.830e+002 1.062e+000
2.840e+002 1.106e+000
2.850e+002 1.126e+000
2.860e+002 1.112e+000
2.870e+002 1.096e+000
2.880e+002 1.155e+000
2.890e+002 1.143e+000
2.900e+002 1.145e+000
2.910e+002 1.094e+000
2.920e+002 1.116e+000
2.930e+002 1.145e+000
2.940e+002 1.151e+000
2.950e+002 1.123e+000
2.960e+002 1.074e+000
2.970e+002 1.120e+000
2.980e+002 1.058e+000
2.990e+002 1.093e+000
3.000e+002 1.120e+000
3.010e+002 1.147e+000
3.020e+002 1.134e+000
3.030e+002 1.099e+000
3.040e+002 1.127e+000
3.050e+002 1.091e+000
3.060e+002 1.149e+000
3.070e+002 1.150e+000
3.080e+002 1.136e+000
3.090e+002 1.086e+000
3.100e+002 1.093e+000
3.110e+002 1.070e+000
3.120e+002 1.126e+000
3.130e+002 1.136e+000
3.140e+002 1.139e+000
3.150e+002 1.101e+000
3.160e+002 1.105e+000
3.170e+002 1.058e+000
3.180e+002 1.135e+000
3.190e+002 1.088e+000
3.200e+002 1.062e+000
3.210e+002 1.134e+000
3.220e+002 1.119e+000
3.230e+002 1.131e+000
3.240e+002 1.069e+000
3.250e+002 1.109e+000
3.260e+002 1.107e+000
3.270e+002 1.051e+000
3.280e+002 1.080e+000
3.290e+002 1.066e+000
3.300e+002 1.111e+000
3.310e+002 1.066e+000
3.320e+002 1.129e+000
3.330e+002 1.121e+000
3.340e+002 1.076e+000
3.350e+002 1.087e+000
3.360e+002 1.107e+000
3.370e+002 1.121e+000
3.380e+002 1.097e+000
3.390e+002 1.093e+000
3.400e+002 1.067e+000
3.410e+002 1.080e+000
3.420e+002 1.106e+000
3.430e+002 1.124e+000
3.440e+002 1.106e+000
3.450e+002 1.034e+000
3.460e+002 1.101e+000
3.470e+002 1.076e+000
3.480e+002 1.076e+000
3.490e+002 1.043e+000
3.500e+002 1.114e+000
3.510e+002 1.063e+000
3.520e+002 1.055e+000
3.530e+002 1.065e+000
3.540e+002 1.068e+000
3.550e+002 1.085e+000
3.560e+002 1.086e+000
3.570e+002 1.069e+000
3.580e+002 1.069e+000
3.590e+002 1.081e+000
3.600e+002 1.095e+000
3.610e+002 1.125e+000
3.620e+002 1.101e+000
3.630e+002 1.068e+000
3.640e+002 1.112e+000
3.650e+002 1.040e+000
3.660e+002 1.032e+000
3.670e+002 1.034e+000
3.680e+002 1.042e+000
3.690e+002 1.058e+000
3.700e+002 1.056e+000
3.710e+002 1.026e+000
3.720e+002 1.080e+000
3.730e+002 1.034e+000
3.740e+002 1.039e+000
3.750e+002 1.088e+000
3.760e+002 1.111e+000
3.770e+002 1.123e+000
3.780e+002 1.081e+000
3.790e+002 1.125e+000
3.800e+002 1.079e+000
3.810e+002 1.075e+000
3.820e+002 1.056e+000
3.830e+002 1.066e+000
3.840e+002 1.072e+000
3.850e+002 1.029e+000
3.860e+002 1.112e+000
3.870e+002 1.027e+000
3.880e+002 1.065e+000
3.890e+002 1.105e+000
3.900e+002 1.060e+000
3.910e+002 1.083e+000
3.920e+002 1.103e+000
3.930e+002 1.110e+000
3.940e+002 1.114e+000
3.950e+002 1.039e+000
3.960e+002 1.045e+000
3.970e+002 1.110e+000
3.980e+002 1.079e+000
3.990e+002 1.070e+000
4.000e+002 1.081e+000
4.010e+002 1.102e+000
4.020e+002 1.072e+000
4.030e+002 1.038e+000
4.040e+002 1.064e+000
4.050e+002 1.061e+000
4.060e+002 1.116e+000
4.070e+002 1.080e+000
4.080e+002 1.088e+000
4.090e+002 1.090e+000
4.100e+002 1.052e+000
4.110e+002 1.069e+000
4.120e+002 1.073e+000
4.130e+002 1.032e+000
4.140e+002 1.073e+000
4.150e+002 1.086e+000
4.160e+002 1.059e+000
4.170e+002 1.100e+000
4.180e+002 1.090e+000
4.190e+002 1.052e+000
4.200e+002 1.061e+000
4.210e+002 1.054e+000
4.220e+002 1.093e+000
4.230e+002 1.089e+000
4.240e+002 1.058e+000
4.250e+002 1.085e+000
4.260e+002 1.110e+000
4.270e+002 1.094e+000
4.280e+002 1.085e+000
4.290e+002 1.025e+000
4.300e+002 1.053e+000
4.310e+002 1.073e+000
4.320e+002 1.060e+000
4.330e+002 1.018e+000
4.340e+002 1.036e+000
4.350e+002 1.097e+000
4.360e+002 1.014e+000
4.370e+002 1.100e+000
4.380e+002 1.020e+000
4.390e+002 1.080e+000
4.400e+002 1.063e+000
4.410e+002 1.034e+000
4.420e+002 1.070e+000
4.430e+002 1.024e+000
4.440e+002 1.080e+000
4.450e+002 1.072e+000
4.460e+002 1.017e+000
4.470e+002 1.017e+000
4.480e+002 1.027e+000
4.490e+002 1.013e+000
4.500e+002 1.055e+000
4.510e+002 1.095e+000
4.520e+002 1.073e+000
4.530e+002 1.063e+000
4.540e+002 1.098e+000
4.550e+002 1.020e+000
4.560e+002 1.102e+000
4.570e+002 1.021e+000
4.580e+002 1.062e+000
4.590e+002 1.025e+000
4.600e+002 1.067e+000
4.610e+002 1.010e+000
4.620e+002 1.087e+000
4.630e+002 1.095e+000
4.640e+002 1.102e+000
4.650e+002 1.109e+000
4.660e+002 1.060e+000
4.670e+002 1.037e+000
4.680e+002 1.019e+000
4.690e+002 1.060e+000
4.700e+002 1.068e+000
4.710e+002 1.086e+000
4.720e+002 1.017e+000
4.730e+002 1.076e+000
4.740e+002 1.061e+000
4.750e+002 1.026e+000
4.760e+002 1.103e+000
4.770e+002 1.068e+000
4.780e+002 1.053e+000
4.790e+002 1.103e+000
4.800e+002 1.074e+000
4.810e+002 1.054e+000
4.820e+002 1.093e+000
4.830e+002 1.062e+000
4.840e+002 1.064e+000
4.850e+002 1.076e+000
4.860e+002 1.045e+000
4.870e+002 1.032e+000
4.880e+002 1.066e+000
4.890e+002 1.095e+000
4.900e+002 1.048e+000
4.910e+002 1.019e+000
4.920e+002 1.052e+000
4.930e+002 1.037e+000
4.940e+002 1.048e+000
4.950e+002 1.091e+000
4.960e+002 1.048e+000
4.970e+002 1.046e+000
4.980e+002 1.043e+000
4.990e+002 1.021e+000
5.000e+002 1.033e+000
5.010e+002 1.015e+000
5.020e+002 1.050e+000
5.030e+002 1.032e+000
5.040e+002 1.036e+000
5.050e+002 1.049e+000
5.060e+002 1.018e+000
5.070e+002 1.056e+000
5.080e+002 1.077e+000
5.090e+002 1.031e+000
5.100e+002 1.085e+000
5.110e+002 1.013e+000
5.120e+002 1.046e+000
5.130e+002 1.006e+000
5.140e+002 1.028e+000
5.150e+002 1.006e+000
5.160e+002 1.025e+000
5.170e+002 1.020e+000
5.180e+002 1.033e+000
5.190e+002 1.023e+000
5.200e+002 1.019e+000
5.210e+002 1.066e+000
5.220e+002 1.096e+000
5.230e+002 1.100e+000
5.240e+002 1.028e+000
5.250e+002 1.054e+000
5.260e+002 1.043e+000
5.270e+002 1.058e+000
5.280e+002 1.032e+000
5.290e+002 1.012e+000
5.300e+002 1.049e+000
5.310e+002 1.022e+000
5.320e+002 1.008e+000
5.330e+002 1.101e+000
5.340e+002 1.048e+000
5.350e+002 1.101e+000
5.360e+002 1.081e+000
5.370e+002 1.005e+000
5.380e+002 1.073e+000
5.390e+002 1.075e+000
5.400e+002 1.069e+000
5.410e+002 1.060e+000
5.420e+002 1.026e+000
5.430e+002 1.082e+000
5.440e+002 1.027e+000
5.450e+002 1.042e+000
5.460e+002 1.094e+000
5.470e+002 1.090e+000
5.480e+002 1.045e+000
5.490e+002 1.036e+000
5.500e+002 1.065e+000
5.510e+002 1.095e+000
5.520e+002 1.095e+000
5.530e+002 1.063e+000
5.540e+002 1.037e+000
5.550e+002 1.090e+000
5.560e+002 1.048e+000
5.570e+002 1.095e+000
5.580e+002 1.007e+000
5.590e+002 1.057e+000
5.600e+002 1.076e+000
5.610e+002 1.022e+000
5.620e+002 1.037e+000
5.630e+002 1.022e+000
5.640e+002 1.036e+000
5.650e+002 1.044e+000
5.660e+002 1.059e+000
5.670e+002 1.008e+000
5.680e+002 1.059e+000
5.690e+002 1.031e+000
5.700e+002 1.028e+000
5.710e+002 1.028e+000
5.720e+002 1.019e+000
5.730e+002 1.099e+000
5.740e+002 1.097e+000
5.750e+002 1.085e+000
5.760e+002 1.076e+000
5.770e+002 1.021e+000
5.780e+002 1.039e+000
5.790e+002 1.022e+000
5.800e+002 1.003e+000
5.810e+002 1.035e+000
5.820e+002 1.073e+000
5.830e+002 1.066e+000
5.840e+002 1.057e+000
5.850e+002 1.047e+000
5.860e+002 1.032e+000
5.870e+002 1.053e+000
5.880e+002 1.079e+000
5.890e+002 1.079e+000
5.900e+002 1.061e+000
5.910e+002 1.078e+000
5.920e+002 1.067e+000
5.930e+002 1.015e+000
5.940e+002 1.053e+000
5.950e+002 1.037e+000
5.960e+002 1.012e+000
5.970e+002 1.017e+000
5.980e+002 1.022e+000
5.990e+002 1.070e+000
6.000e+002 1.046e+000
6.010e+002 1.072e+000
6.020e+002 1.028e+000
6.030e+002 1.003e+000
6.040e+002 1.056e+000
6.050e+002 1.030e+000
6.060e+002 1.097e+000
6.070e+002 1.093e+000
6.080e+002 1.042e+000
6.090e+002 1.005e+000
6.100e+002 1.070e+000
6.110e+002 1.086e+000
6.120e+002 1.100e+000
6.130e+002 1.008e+000
6.140e+002 1.047e+000
6.150e+002 1.061e+000
6.160e+002 1.071e+000
6.170e+002 1.074e+000
6.180e+002 1.067e+000
6.190e+002 1.075e+000
6.200e+002 1.039e+000
6.210e+002 1.060e+000
6.220e+002 1.014e+000
6.230e+002 1.008e+000
6.240e+002 1.100e+000
6.250e+002 1.030e+000
6.260e+002 1.062e+000
6.270e+002 1.098e+000
6.280e+002 1.020e+000
6.290e+002 1.021e+000
6.300e+002 1.036e+000
6.310e+002 1.095e+000
6.320e+002 1.041e+000
6.330e+002 1.029e+000
6.340e+002 1.017e+000
6.350e+002 1.042e+000
6.360e+002 1.039e+000
6.370e+002 1.015e+000
6.380e+002 1.045e+000
6.390e+002 1.011e+000
6.400e+002 1.063e+000
6.410e+002 1.003e+000
6.420e+002 1.059e+000
6.430e+002 1.081e+000
6.440e+002 1.025e+000
6.450e+002 1.046e+000
6.460e+002 1.059e+000
6.470e+002 1.008e+000
6.480e+002 1.051e+000
6.490e+002 1.066e+000
6.500e+002 1.024e+000
6.510e+002 1.085e+000
6.520e+002 1.099e+000
6.530e+002 1.086e+000
6.540e+002 1.052e+000
6.550e+002 1.029e+000
6.560e+002 1.076e+000
6.570e+002 1.025e+000
6.580e+002 1.097e+000
6.590e+002 1.063e+000
6.600e+002 1.061e+000
6.610e+002 1.019e+000
6.620e+002 1.010e+000
6.630e+002 1.027e+000
6.640e+002 1.087e+000
6.650e+002 1.093e+000
6.660e+002 1.071e+000
6.670e+002 1.074e+000
6.680e+002 1.024e+000
6.690e+002 1.059e+000
6.700e+002 1.082e+000
6.710e+002 1.042e+000
6.720e+002 1.100e+000
6.730e+002 1.010e+000
6.740e+002 1.033e+000
6.750e+002 1.052e+000
6.760e+002 1.007e+000
6.770e+002 1.074e+000
6.780e+002 1.057e+000
6.790e+002 1.054e+000
6.800e+002 1.084e+000
6.810e+002 1.087e+000
6.820e+002 1.080e+000
6.830e+002 1.033e+000
6.840e+002 1.046e+000
6.850e+002 1.076e+000
6.860e+002 1.012e+000
6.870e+002 1.012e+000
6.880e+002 1.028e+000
6.890e+002 1.054e+000
6.900e+002 1.098e+000
6.910e+002 1.072e+000
6.920e+002 1.032e+000
6.930e+002 1.030e+000
6.940e+002 1.086e+000
6.950e+002 1.092e+000
6.960e+002 1.065e+000
6.970e+002 1.027e+000
6.980e+002 1.010e+000
6.990e+002 1.085e+000
7.000e+002 1.059e+000
7.010e+002 1.096e+000
7.020e+002 1.007e+000
7.030e+002 1.059e+000
7.040e+002 1.029e+000
7.050e+002 1.084e+000
7.060e+002 1.020e+000
7.070e+002 1.045e+000
7.080e+002 1.040e+000
7.090e+002 1.084e+000
7.100e+002 1.069e+000
7.110e+002 1.022e+000
7.120e+002 1.033e+000
7.130e+002 1.014e+000
7.140e+002 1.068e+000
7.150e+002 1.058e+000
7.160e+002 1.018e+000
7.170e+002 1.016e+000
7.180e+002 1.048e+000
7.190e+002 1.092e+000
7.200e+002 1.056e+000
7.210e+002 1.004e+000
7.220e+002 1.006e+000
7.230e+002 1.081e+000
7.240e+002 1.046e+000
7.250e+002 1.039e+000
7.260e+002 1.080e+000
7.270e+002 1.037e+000
7.280e+002 1.054e+000
7.290e+002 1.072e+000
7.300e+002 1.088e+000
7.310e+002 1.034e+000
7.320e+002 1.066e+000
7.330e+002 1.098e+000
7.340e+002 1.008e+000
7.350e+002 1.059e+000
7.360e+002 1.042e+000
7.370e+002 1.032e+000
7.380e+002 1.027e+000
7.390e+002 1.077e+000
7.400e+002 1.100e+000
7.410e+002 1.019e+000
7.420e+002 1.079e+000
7.430e+002 1.020e+000
7.440e+002 1.100e+000
7.450e+002 1.081e+000
7.460e+002 1.043e+000
7.470e+002 1.073e+000
7.480e+002 1.050e+000
7.490e+002 1.082e+000
7.500e+002 1.036e+000
7.510e+002 1.008e+000
7.520e+002 1.060e+000
7.530e+002 1.092e+000
7.540e+002 1.020e+000
7.550e+002 1.044e+000
7.560e+002 1.075e+000
7.570e+002 1.004e+000
7.580e+002 1.095e+000
7.590e+002 1.077e+000
7.600e+002 1.056e+000
7.610e+002 1.019e+000
7.620e+002 1.050e+000
7.630e+002 1.052e+000
7.640e+002 1.100e+000
7.650e+002 1.086e+000
7.660e+002 1.097e+000
7.670e+002 1.068e+000
7.680e+002 1.041e+000
7.690e+002 1.094e+000
7.700e+002 1.048e+000
7.710e+002 1.024e+000
7.720e+002 1.040e+000
7.730e+002 1.071e+000
7.740e+002 1.056e+000
7.750e+002 1.076e+000
7.760e+002 1.100e+000
7.770e+002 1.097e+000
7.780e+002 1.054e+000
7.790e+002 1.097e+000
7.800e+002 1.012e+000
7.810e+002 1.006e+000
7.820e+002 1.031e+000
7.830e+002 1.058e+000
7.840e+002 1.054e+000
7.850e+002 1.091e+000
7.860e+002 1.054e+000
7.870e+002 1.044e+000
7.880e+002 1.055e+000
7.890e+002 1.072e+000
7.900e+002 1.002e+000
7.910e+002 1.080e+000
7.920e+002 1.015e+000
7.930e+002 1.048e+000
7.940e+002 1.026e+000
7.950e+002 1.037e+000
7.960e+002 1.067e+000
7.970e+002 1.017e+000
7.980e+002 1.028e+000
7.990e+002 1.020e+000
8.000e+002 1.020e+000
8.010e+002 1.033e+000
8.020e+002 1.088e+000
8.030e+002 1.047e+000
8.040e+002 1.041e+000
8.050e+002 1.018e+000
8.060e+002 1.097e+000
8.070e+002 1.041e+000
8.080e+002 1.085e+000
8.090e+002 1.062e+000
8.100e+002 1.038e+000
8.110e+002 1.088e+000
8.120e+002 1.079e+000
8.130e+002 1.047e+000
8.140e+002 1.082e+000
8.150e+002 1.090e+000
8.160e+002 1.043e+000
8.170e+002 1.034e+000
8.180e+002 1.060e+000
8.190e+002 1.091e+000
8.200e+002 1.071e+000
8.210e+002 1.038e+000
8.220e+002 1.074e+000
8.230e+002 1.096e+000
8.240e+002 1.055e+000
8.250e+002 1.054e+000
8.260e+002 1.031e+000
8.270e+002 1.007e+000
8.280e+002 1.018e+000
8.290e+002 1.010e+000
8.300e+002 1.047e+000
8.310e+002 1.001e+000
8.320e+002 1.092e+000
8.330e+002 1.065e+000
8.340e+002 1.000e+000
8.350e+002 1.003e+000
8.360e+002 1.021e+000
8.370e+002 1.046e+000
8.380e+002 1.013e+000
8.390e+002 1.001e+000
8.400e+002 1.073e+000
8.410e+002 1.036e+000
8.420e+002 1.078e+000
8.430e+002 1.044e+000
8.440e+002 1.044e+000
8.450e+002 1.005e+000
8.460e+002 1.005e+000
8.470e+002 1.009e+000
8.480e+002 1.060e+000
8.490e+002 1.024e+000
8.500e+002 1.084e+000
8.510e+002 1.086e+000
8.520e+002 1.097e+000
8.530e+002 1.049e+000
8.540e+002 1.022e+000
8.550e+002 1.023e+000
8.560e+002 1.054e+000
8.570e+002 1.076e+000
8.580e+002 1.035e+000
8.590e+002 1.046e+000
8.600e+002 1.064e+000
8.610e+002 1.092e+000
8.620e+002 1.016e+000
8.630e+002 1.072e+000
8.640e+002 1.058e+000
8.650e+002 1.044e+000
8.660e+002 1.089e+000
8.670e+002 1.039e+000
8.680e+002 1.018e+000
8.690e+002 1.064e+000
8.700e+002 1.063e+000
8.710e+002 1.033e+000
8.720e+002 1.080e+000
8.730e+002 1.100e+000
8.740e+002 1.098e+000
8.750e+002 1.013e+000
8.760e+002 1.023e+000
8.770e+002 1.003e+000
8.780e+002 1.061e+000
8.790e+002 1.011e+000
8.800e+002 1.041e+000
8.810e+002 1.089e+000
8.820e+002 1.055e+000
8.830e+002 1.037e+000
8.840e+002 1.021e+000
8.850e+002 1.044e+000
8.860e+002 1.096e+000
8.870e+002 1.013e+000
8.880e+002 1.047e+000
8.890e+002 1.086e+000
8.900e+002 1.004e+000
8.910e+002 1.069e+000
8.920e+002 1.098e+000
8.930e+002 1.028e+000
8.940e+002 1.014e+000
8.950e+002 1.069e+000
8.960e+002 1.091e+000
8.970e+002 1.061e+000
8.980e+002 1.090e+000
8.990e+002 1.019e+000
9.000e+002 1.076e+000
9.010e+002 1.035e+000
9.020e+002 1.042e+000
9.030e+002 1.016e+000
9.040e+002 1.082e+000
9.050e+002 1.063e+000
9.060e+002 1.074e+000
9.070e+002 1.081e+000
9.080e+002 1.007e+000
9.090e+002 1.095e+000
9.100e+002 1.050e+000
9.110e+002 1.076e+000
9.120e+002 1.074e+000
9.130e+002 1.083e+000
9.140e+002 1.016e+000
9.150e+002 1.046e+000
9.160e+002 1.062e+000
9.170e+002 1.093e+000
9.180e+002 1.084e+000
9.190e+002 1.090e+000
9.200e+002 1.058e+000
9.210e+002 1.058e+000
9.220e+002 1.086e+000
9.230e+002 1.004e+000
9.240e+002 1.089e+000
9.250e+002 1.041e+000
9.260e+002 1.004e+000
9.270e+002 1.075e+000
9.280e+002 1.016e+000
9.290e+002 1.014e+000
9.300e+002 1.061e+000
9.310e+002 1.026e+000
9.320e+002 1.033e+000
9.330e+002 1.040e+000
9.340e+002 1.041e+000
9.350e+002 1.039e+000
9.360e+002 1.061e+000
9.370e+002 1.017e+000
9.380e+002 1.019e+000
9.390e+002 1.010e+000
9.400e+002 1.032e+000
9.410e+002 1.077e+000
9.420e+002 1.023e+000
9.430e+002 1.074e+000
9.440e+002 1.069e+000
9.450e+002 1.082e+000
9.460e+002 1.083e+000
9.470e+002 1.029e+000
9.480e+002 1.031e+000
9.490e+002 1.052e+000
9.500e+002 1.033e+000
9.510e+002 1.083e+000
9.520e+002 1.081e+000
9.530e+002 1.056e+000
9.540e+002 1.026e+000
9.550e+002 1.068e+000
9.560e+002 1.023e+000
9.570e+002 1.046e+000
9.580e+002 1.039e+000
9.590e+002 1.054e+000
9.600e+002 1.099e+000
9.610e+002 1.076e+000
9.620e+002 1.098e+000
9.630e+002 1.024e+000
9.640e+002 1.053e+000
9.650e+002 1.005e+000
9.660e+002 1.076e+000
9.670e+002 1.060e+000
9.680e+002 1.086e+000
9.690e+002 1.099e+000
9.700e+002 1.093e+000
9.710e+002 1.041e+000
9.720e+002 1.000e+000
9.730e+002 1.054e+000
9.740e+002 1.021e+000
9.750e+002 1.022e+000
9.760e+002 1.033e+000
9.770e+002 1.010e+000
9.780e+002 1.075e+000
9.790e+002 1.075e+000
9.800e+002 1.054e+000
9.810e+002 1.034e+000
9.820e+002 1.083e+000
9.830e+002 1.055e+000
9.840e+002 1.096e+000
9.850e+002 1.089e+000
9.860e+002 1.036e+000
9.870e+002 1.055e+000
9.880e+002 1.035e+000
9.890e+002 1.062e+000
9.900e+002 1.080e+000
9.910e+002 1.075e+000
9.920e+002 1.013e+000
9.930e+002 1.082e+000
9.940e+002 1.003e+000
9.950e+002 1.041e+000
9.960e+002 1.073e+000
9.970e+002 1.078e+000
9.980e+002 1.037e+000
9.990e+002 1.075e+000
1.000e+003 1.089e+000
